0.577350 0.577350 0.577350 0.794654
0.577350 0.577350 -0.577350 0.794654
0.577350 -0.577350 0.577350 0.794654
0.577350 -0.577350 -0.577350 0.794654
-0.577350 0.577350 0.577350 0.794654
-0.577350 0.577350 -0.577350 0.794654
-0.577350 -0.577350 0.577350 0.794654
-0.577350 -0.577350 -0.577350 0.794654
0.000000 0.356822 0.934172 0.794654
0.000000 0.356822 -0.934172 0.794654
0.000000 -0.356822 0.934172 0.794654
0.000000 -0.356822 -0.934172 0.794654
0.356822 0.934172 0.000000 0.794654
0.356822 -0.934172 0.000000 0.794654
-0.356822 0.934172 0.000000 0.794654
-0.356822 -0.934172 0.000000 0.794654
0.934172 0.000000 0.356822 0.794654
0.934172 0.000000 -0.356822 0.794654
-0.934172 0.000000 0.356822 0.794654
-0.934172 0.000000 -0.356822 0.794654